Rio de Janeiro = -43.196388888,-22.908333333
London = -0.127894,51.507336
Beijing = 116.391388888,39.905
Athens = 23.727878,37.983898
Sydney = 151.208333333,-33.869444444
Atlanta = -84.388675,33.747274
Barcelona = 2.176944444,41.3825
