Rio de Janeiro = -43.196388888,-22.908333333
London = -91.401111111,40.925277777
Beijing = 116.391388888,39.905
Athens = -89.7247,39.9614
Sydney = 151.208333333,-33.869444444
Atlanta = -94.1667,33.1183
Barcelona = 2.176944444,41.3825
